#Source: mytables
#Ref:   ( )
#Experiment: DAMPE (2025)
#Y Quantity: C
#X Quantity: kineticEnergy
#Url: 
#Comments: 
#Colums: x, y, y statistical errors, y systematic errors
1.037e+02 4.600e-03 7.000e-06 7.000e-06 3.700e-04 3.700e-04 
1.382e+02 2.290e-03 2.000e-06 2.000e-06 1.700e-04 1.700e-04 
1.843e+02 1.110e-03 1.000e-06 1.000e-06 8.000e-05 8.000e-05 
2.458e+02 5.260e-04 5.000e-07 5.000e-07 4.000e-05 4.000e-05 
3.279e+02 2.480e-04 3.000e-07 3.000e-07 1.900e-05 1.900e-05 
4.372e+02 1.170e-04 2.000e-07 2.000e-07 9.000e-06 9.000e-06 
5.829e+02 5.440e-05 9.000e-08 9.000e-08 4.200e-06 4.200e-06 
7.774e+02 2.510e-05 5.000e-08 5.000e-08 1.900e-06 1.900e-06 
1.037e+03 1.170e-05 3.000e-08 3.000e-08 9.000e-07 9.000e-07 
1.382e+03 5.430e-06 1.800e-08 1.800e-08 4.200e-07 4.200e-07 
1.843e+03 2.530e-06 1.100e-08 1.100e-08 1.900e-07 1.900e-07 
2.458e+03 1.180e-06 6.000e-09 6.000e-09 9.000e-08 9.000e-08 
3.279e+03 5.540e-07 3.700e-09 3.700e-09 4.200e-08 4.200e-08 
4.372e+03 2.640e-07 2.200e-09 2.200e-09 2.100e-08 2.100e-08 
5.829e+03 1.270e-07 1.400e-09 1.400e-09 1.000e-08 1.000e-08 
7.774e+03 6.070e-08 8.200e-10 8.200e-10 4.600e-09 4.600e-09 
1.037e+04 2.960e-08 4.900e-10 4.900e-10 2.300e-09 2.300e-09 
1.501e+04 1.200e-08 2.400e-10 2.400e-10 1.000e-09 1.000e-09 
2.380e+04 3.860e-09 1.010e-10 1.010e-10 3.100e-10 3.100e-10 
3.771e+04 1.290e-09 4.600e-11 4.600e-11 1.000e-10 1.000e-10 
5.977e+04 4.620e-10 2.200e-12 2.200e-12 3.800e-11 3.800e-11 
9.474e+04 1.520e-10 9.800e-12 9.800e-12 1.800e-11 1.800e-11 
1.585e+05 3.690e-11 3.500e-12 3.500e-12 5.200e-12 5.200e-12 
2.819e+05 7.370e-12 1.135e-12 1.135e-12 1.200e-12 1.200e-12 
5.012e+05 1.480e-12 4.210e-13 4.210e-13 2.900e-13 2.900e-13 
