#Source: mytables
#Ref:   ( )
#Experiment: DAMPE (2025)
#Y Quantity: He
#X Quantity: kineticEnergy
#Url: 
#Comments: 
#Colums: x, y, y statistical errors, y systematic errors
7.895e+01 5.310e-02 4.500e-04 4.500e-04 7.500e-03 7.500e-03 
1.251e+02 1.600e-02 9.000e-05 9.000e-05 2.300e-03 2.300e-03 
1.983e+02 4.560e-03 8.300e-05 8.300e-05 6.600e-04 6.600e-04 
3.143e+02 1.300e-03 4.000e-06 4.000e-06 1.600e-04 1.600e-04 
4.981e+02 3.810e-04 1.100e-06 1.100e-06 5.100e-05 5.100e-05 
7.895e+02 1.130e-04 2.000e-07 2.000e-07 1.500e-05 1.500e-05 
1.251e+03 3.420e-05 9.000e-08 9.000e-08 4.300e-06 4.300e-06 
1.982e+03 1.050e-05 4.000e-08 4.000e-08 1.400e-06 1.400e-06 
3.143e+03 3.310e-06 1.200e-08 1.200e-08 4.200e-07 4.200e-07 
4.981e+03 1.060e-06 4.000e-09 4.000e-09 1.300e-07 1.300e-07 
7.895e+03 3.470e-07 1.600e-09 1.600e-09 4.500e-08 4.500e-08 
1.251e+04 1.160e-07 9.000e-10 9.000e-10 1.600e-08 1.600e-08 
1.983e+04 3.820e-08 3.900e-10 3.900e-10 5.100e-09 5.100e-09 
3.143e+04 1.210e-08 1.500e-10 1.500e-10 1.800e-09 1.800e-09 
4.981e+04 3.570e-09 7.900e-11 7.900e-11 5.600e-10 5.600e-10 
7.895e+04 1.010e-09 4.200e-11 4.200e-11 1.700e-10 1.700e-10 
1.251e+05 2.850e-10 1.390e-11 1.390e-11 4.800e-11 4.800e-11 
1.983e+05 8.520e-11 9.540e-12 9.540e-12 1.440e-11 1.440e-11 
