#Source: mytables
#Ref:   ( )
#Experiment: DAMPE (2025)
#Y Quantity: O
#X Quantity: kineticEnergy
#Url: 
#Comments: 
#Colums: x, y, y statistical errors, y systematic errors
1.382e+02 3.470e-03 5.000e-06 5.000e-06 1.980e-04 1.980e-04 
1.843e+02 1.770e-03 1.000e-06 1.000e-06 9.220e-05 9.220e-05 
2.458e+02 8.660e-04 6.000e-07 6.000e-07 4.610e-05 4.610e-05 
3.278e+02 4.190e-04 4.000e-07 4.000e-07 2.267e-05 2.267e-05 
4.371e+02 2.010e-04 2.000e-07 2.000e-07 1.063e-05 1.063e-05 
5.829e+02 9.470e-05 1.200e-07 1.200e-07 5.033e-06 5.033e-06 
7.772e+02 4.460e-05 7.000e-08 7.000e-08 2.343e-06 2.343e-06 
1.037e+03 2.080e-05 4.000e-08 4.000e-08 1.063e-06 1.063e-06 
1.382e+03 9.660e-06 2.500e-08 2.500e-08 5.661e-07 5.661e-07 
1.843e+03 4.500e-06 1.400e-08 1.400e-08 2.640e-07 2.640e-07 
2.458e+03 2.090e-06 8.000e-09 8.000e-09 1.221e-07 1.221e-07 
3.278e+03 9.690e-07 5.000e-09 5.000e-09 5.720e-08 5.720e-08 
4.371e+03 4.510e-07 2.900e-09 2.900e-09 2.640e-08 2.640e-08 
5.829e+03 2.130e-07 1.700e-09 1.700e-09 1.221e-08 1.221e-08 
7.773e+03 1.030e-07 1.000e-09 1.000e-09 6.403e-09 6.403e-09 
1.037e+04 5.000e-08 6.400e-10 6.400e-10 3.061e-09 3.061e-09 
1.382e+04 2.460e-08 3.800e-10 3.800e-10 1.500e-09 1.500e-09 
2.002e+04 9.890e-09 1.820e-10 1.820e-10 6.280e-10 6.280e-10 
3.173e+04 3.210e-09 8.000e-11 8.000e-11 2.000e-10 2.000e-10 
5.029e+04 1.040e-09 3.500e-11 3.500e-11 6.640e-11 6.640e-11 
7.970e+04 3.370e-10 1.620e-11 1.620e-11 2.140e-11 2.140e-11 
1.263e+05 1.040e-10 7.100e-12 7.100e-12 1.077e-11 1.077e-11 
2.113e+05 2.390e-11 2.520e-12 2.520e-12 3.046e-12 3.046e-12 
3.758e+05 4.340e-12 8.100e-13 8.100e-13 6.268e-13 6.268e-13 
6.683e+05 7.880e-13 2.480e-13 2.480e-13 1.281e-13 1.281e-13 
