#Source: mytables
#Ref:   ( )
#Experiment: DAMPE (2025)
#Y Quantity: Fe
#X Quantity: kineticEnergy
#Url: 
#Comments: 
#Colums: x, y, y statistical errors, y systematic errors
4.837e+02 1.210e-04 2.000e-07 2.000e-07 1.500e-05 1.500e-05 
6.451e+02 6.320e-05 8.000e-08 8.000e-08 9.100e-06 9.100e-06 
8.603e+02 3.210e-05 6.000e-08 6.000e-08 4.800e-06 4.800e-06 
1.147e+03 1.620e-05 3.000e-08 3.000e-08 2.400e-06 2.400e-06 
1.530e+03 7.990e-06 2.200e-08 2.200e-08 1.220e-06 1.220e-06 
2.040e+03 3.890e-06 1.300e-08 1.300e-08 5.900e-07 5.900e-07 
2.721e+03 1.890e-06 8.000e-09 8.000e-09 2.800e-07 2.800e-07 
3.628e+03 9.010e-07 4.700e-09 4.700e-09 1.180e-07 1.180e-07 
4.837e+03 4.200e-07 2.800e-09 2.800e-09 4.500e-08 4.500e-08 
6.451e+03 1.950e-07 1.700e-09 1.700e-09 1.800e-08 1.800e-08 
8.603e+03 9.060e-08 9.800e-10 9.800e-10 6.200e-09 6.200e-09 
1.147e+04 4.370e-08 5.900e-10 5.900e-10 3.000e-09 3.000e-09 
1.530e+04 2.120e-08 3.500e-10 3.500e-10 1.500e-09 1.500e-09 
2.040e+04 1.010e-08 2.200e-10 2.200e-10 7.000e-10 7.000e-10 
2.720e+04 4.750e-09 1.320e-10 1.320e-10 3.600e-10 3.600e-10 
3.628e+04 2.330e-09 7.800e-11 7.800e-11 1.700e-10 1.700e-10 
4.838e+04 1.170e-09 4.700e-11 4.700e-11 1.000e-10 1.000e-10 
7.007e+04 4.690e-10 2.060e-11 2.060e-11 4.200e-11 4.200e-11 
1.111e+05 1.470e-10 8.900e-12 8.900e-12 1.300e-11 1.300e-11 
1.760e+05 4.840e-11 3.880e-12 3.880e-12 4.000e-12 4.000e-12 
2.789e+05 1.560e-11 1.770e-12 1.770e-12 1.400e-12 1.400e-12 
4.421e+05 4.300e-12 7.950e-13 7.950e-13 4.300e-13 4.300e-13 
7.397e+05 8.840e-13 2.068e-13 2.068e-13 8.600e-14 8.600e-14 
1.317e+06 1.360e-13 5.890e-14 5.890e-14 1.800e-14 1.800e-14 
