#Source: mytables
#Ref:   ( )
#Experiment: DAMPE (2025)
#Y Quantity: H
#X Quantity: kineticEnergy
#Url: 
#Comments: 
#Colums: x, y, y statistical errors, y systematic errors
4.981e+01 2.810e-01 5.000e-04 5.000e-04 1.389e-02 1.389e-02 
7.895e+01 8.050e-02 1.500e-04 1.500e-04 3.945e-03 3.945e-03 
1.251e+02 2.270e-02 3.000e-05 3.000e-05 1.166e-03 1.166e-03 
1.983e+02 6.360e-03 1.000e-05 1.000e-05 3.138e-04 3.138e-04 
3.143e+02 1.810e-03 3.000e-06 3.000e-06 9.434e-05 9.434e-05 
4.981e+02 5.230e-04 7.000e-07 7.000e-07 2.608e-05 2.608e-05 
7.895e+02 1.540e-04 3.000e-07 3.000e-07 9.220e-06 9.220e-06 
1.251e+03 4.600e-05 1.000e-07 1.000e-07 2.973e-06 2.973e-06 
1.982e+03 1.390e-05 4.000e-08 4.000e-08 1.000e-06 1.000e-06 
3.143e+03 4.240e-06 1.500e-08 1.500e-08 3.551e-07 3.551e-07 
4.981e+03 1.300e-06 6.000e-09 6.000e-09 1.253e-07 1.253e-07 
7.895e+03 3.990e-07 2.700e-09 2.700e-09 3.936e-08 3.936e-08 
1.251e+04 1.180e-07 1.000e-09 1.000e-09 1.208e-08 1.208e-08 
1.983e+04 3.340e-08 4.300e-10 4.300e-10 3.578e-09 3.578e-09 
3.143e+04 8.840e-09 1.900e-10 1.900e-10 9.751e-10 9.751e-10 
4.981e+04 2.230e-09 7.300e-11 7.300e-11 2.731e-10 2.731e-10 
7.895e+04 6.050e-10 2.810e-11 2.810e-11 8.053e-11 8.053e-11 
1.251e+05 1.690e-10 1.090e-11 1.090e-11 2.693e-11 2.693e-11 
