# M.Yu. Kuznetsov et al JCAP05(2024)125
# [0] Energy (GeV)	[1] Flux (m^−2 sr^−1 s^−1 GeV^−1)	[2] Stat error	[3] Syst error
1.571267038063934306e+06 3.104999999999999896e-13 1.000000000000000078e-15 5.280000000000000600e-14
1.944240564595368225e+06 2.152000000000000322e-13 7.000000000000000347e-16 3.480000000000000065e-14
2.405747260933953803e+06 1.336000000000000063e-13 5.000000000000000389e-16 2.139999999999999906e-14
2.976802350945563056e+06 7.306999999999999813e-14 3.400000000000000028e-16 1.163999999999999982e-14
3.683409467191867996e+06 3.609999999999999890e-14 1.900000000000000059e-16 5.649999999999999118e-15
4.557744755438347347e+06 2.081999999999999989e-14 1.299999999999999924e-16 3.290000000000000212e-15
5.639622051458362490e+06 1.092999999999999893e-14 8.999999999999999565e-17 1.739999999999999875e-15
6.978305848598691635e+06 5.204000000000000154e-15 5.300000000000000456e-17 8.780000000000000674e-16
8.634754611613398418e+06 2.558000000000000151e-15 3.400000000000000397e-17 4.839999999999999761e-16
1.068439658857184835e+07 1.207000000000000089e-15 2.000000000000000143e-17 2.560000000000000183e-16
1.322056452054237761e+07 3.915999999999999932e-16 8.000000000000000572e-18 9.200000000000000350e-17
1.635874565240063332e+07 1.836999999999999824e-16 5.000000000000000358e-18 4.540000000000000186e-17
2.024184057376075536e+07 9.384999999999999905e-17 3.020000000000000108e-18 2.289000000000000377e-17
2.504667035723606125e+07 5.316000000000000371e-17 2.570000000000000192e-18 1.429999999999999941e-17
3.099202830385171995e+07 2.181000000000000336e-17 1.180000000000000077e-18 6.070000000000000057e-18
3.834864294084715098e+07 7.364000000000000259e-18 5.460000000000001184e-19 2.333000000000000220e-18
4.745150594812201709e+07 4.285000000000000696e-18 4.580000000000000859e-19 1.510000000000000054e-18
5.871512637925223261e+07 3.000000000000000215e-18 3.560000000000000220e-19 9.250000000000000854e-19
7.265240579509998858e+07 1.312000000000000222e-18 1.780000000000000110e-19 4.340000000000000596e-19
8.989799381034901738e+07 6.995000000000000142e-19 1.096000000000000033e-19 2.246999999999999965e-19
