# Proton + helium flux
# LHAASO, Precise Measurement of Cosmic Ray Light and Helium Spectra above 0.1 Peta-electron-Volt, 2025
# Columns: [0] Energy min log10(E/PeV)  [1] Energy max log10(E/PeV) [2] Number of events    [3,4,5] flux±stat±syst(QGSJET–II–04)  [6,7,8] flux±stat±syst(EPOS–LHC)    [9,10,11] flux±stat±syst(SIBYLL 2.3d)
# Units of flux PeV−1 m−2 s−1 sr−1 
-0.8    -0.7    1298020 2.008e-4    0.002e-4    0.098e-4    1.873e-4    0.002e-4    0.101e-4    1.833e-4    0.002e-4    0.094e-4 
-0.7    -0.6    892072  1.074e-4    0.001e-4    0.050e-4    0.996e-4    0.001e-4    0.052e-4    0.977e-4    0.001e-4    0.050e-4
-0.6    -0.5    596301  5.661e-5    0.007e-5    0.287e-5    5.236e-5    0.007e-5    0.305e-5    5.179e-5    0.007e-5    0.301e-5
-0.5    -0.4    395921  3.003e-5    0.005e-5    0.160e-5    2.744e-5    0.004e-5    0.171e-5    2.750e-5    0.004e-5    0.167e-5
-0.4    -0.3    263669  1.600e-5    0.003e-5    0.085e-5    1.467e-5    0.003e-5    0.092e-5    1.484e-5    0.003e-5    0.091e-5
-0.3    -0.2    173713  8.445e-6    0.020e-6    0.470e-6    7.792e-6    0.019e-6    0.533e-6    7.839e-6    0.019e-6    0.499e-6
-0.2    -0.1    114818  4.455e-6    0.013e-6    0.252e-6    4.191e-6    0.012e-6    0.295e-6    4.203e-6    0.012e-6    0.275e-6
-0.1    0.0 76205   2.379e-6    0.008e-6    0.129e-6    2.242e-6    0.008e-6    0.157e-6    2.257e-6    0.008e-6    0.144e-6
0.0 0.1 51305   1.286e-6    0.006e-6    0.063e-6    1.226e-6    0.005e-6    0.081e-6    1.222e-6    0.005e-6    0.073e-6
0.1 0.2 34698   7.021e-7    0.037e-7    0.292e-7    6.699e-7    0.036e-7    0.381e-7    6.695e-7    0.036e-7    0.353e-7
0.2 0.3 23423   3.806e-7    0.025e-7    0.134e-7    3.671e-7    0.024e-7    0.173e-7    3.653e-7    0.024e-7    0.170e-7
0.3 0.4 15857   2.026e-7    0.016e-7    0.062e-7    1.998e-7    0.016e-7    0.077e-7    1.994e-7    0.016e-7    0.081e-7
0.4 0.5 10433   1.066e-7    0.010e-7    0.030e-7    1.057e-7    0.010e-7    0.036e-7    1.063e-7    0.010e-7    0.041e-7
0.5 0.6 6794    5.503e-8    0.067e-8    0.142e-8    5.484e-8    0.067e-8    0.176e-8    5.554e-8    0.067e-8    0.180e-8
0.6 0.7 4413    2.852e-8    0.043e-8    0.071e-8    2.848e-8    0.043e-8    0.087e-8    2.889e-8    0.043e-8    0.085e-8
0.7 0.8 2783    1.416e-8    0.027e-8    0.035e-8    1.418e-8    0.027e-8    0.043e-8    1.459e-8    0.027e-8    0.043e-8
0.8 0.9 1701    6.338e-9    0.159e-9    0.154e-9    6.811e-9    0.165e-9    0.219e-9    6.508e-9    0.161e-9    0.203e-9
0.9 1.0 945 2.946e-9    0.096e-9    0.065e-9    2.892e-9    0.094e-9    0.090e-9    3.027e-9    0.097e-9    0.085e-9
1.0 1.1 544 1.258e-9    0.055e-9    0.039e-9    1.269e-9    0.054e-9    0.036e-9    1.281e-9    0.055e-9    0.042e-9