# E - E_low - E_high [GeV] - Phi - sigma_stat - sigma_sys_ana - sigma_sys_had [GeV-1 m-2 s-1 sr-1]
    56.23      46.42      68.13   3.31e-01   0.00073e-01   0.24e-01   0.49e-01  
    82.54      68.13     100.00   1.17e-01   0.00035e-01   0.08e-01   0.17e-01  
   121.15     100.00     146.78   4.12e-02   0.0016e-02    0.30e-02   0.51e-02  
   177.83     146.78     215.44   1.45e-02   0.0074e-02    0.11e-02   0.18e-02  
   261.02     215.44     316.23   5.13e-03   0.0035e-03    0.37e-03   0.63e-03  
   383.12     316.23     464.16   1.81e-03   0.0017e-03    0.13e-03   0.18e-03  
   562.34     464.16     681.29   6.46e-04   0.0079e-04    0.47e-04   0.65e-04  
   825.40     681.29    1000.00   2.34e-04   0.0039e-04    0.17e-04   0.22e-04  
  1211.53    1000.00    1467.80   8.60e-05   0.019e-05     0.69e-05   0.84e-05  
  1778.28    1467.80    2154.44   3.17e-05   0.0094e-05    0.26e-05   0.38e-05  
  2610.16    2154.44    3162.28   1.20e-05   0.0046e-05    0.10e-05   0.15e-05  
  3831.19    3162.28    4641.59   4.63e-06   0.023e-06     0.39e-06   0.57e-06  
  5623.42    4641.59    6812.92   1.76e-06   0.012e-06     0.14e-06   0.21e-06  
  8254.04    6812.92   10000.00   6.65e-07   0.057e-07     0.52e-07   0.79e-07  
 12115.28   10000.00   14678.00   2.53e-07   0.028e-07     0.16e-07   0.28e-07  
 17782.80   14678.00   21544.35   0.96e-07   0.014e-07     0.06e-07   0.11e-07  
 26101.58   21544.35   31622.79   3.57e-08   0.067e-08     0.24e-08   0.40e-08  
 38311.88   31622.79   46415.90   1.25e-08   0.033e-08     0.08e-08   0.14e-08  
 56234.15   46415.90   68129.23   4.04e-09   0.150e-09     0.31e-09   0.48e-09  
 82540.44   68129.23  100000.03   1.35e-09   0.068e-09     0.10e-09   0.19e-09  
121152.80  100000.03  146779.97   4.49e-10   0.33e-10      0.32e-10   0.74e-10  
177827.99  146779.97  215443.53   1.59e-10   0.16e-10      0.11e-10   0.26e-10  
261015.80  215443.53  316227.88   5.70e-11   0.73e-11      0.40e-11   0.95e-11  
