# Table 1 from 10.1088/1475-7516/2024/05/125

6.15 − 6.2425 1.114 0.008 0.117 0.385 0.526
6.2425 − 6.335 1.007 0.013 0.138 0.336 0.538
6.335 − 6.4275 0.957 0.011 0.094 0.317 0.448
6.4275 − 6.52 0.914 0.011 0.086 0.311 0.443
6.52 − 6.6125 0.980 0.013 0.088 0.374 0.384
6.6125 − 6.705 0.955 0.015 0.087 0.357 0.388
6.705 − 6.7975 0.973 0.017 0.092 0.360 0.408
6.7975 − 6.89 1.058 0.020 0.120 0.378 0.450
6.89 − 6.9825 1.165 0.023 0.164 0.409 0.507
6.9825 − 7.075 1.303 0.027 0.196 0.425 0.547
7.075 − 7.1675 1.638 0.025 0.249 0.587 0.360
7.1675 − 7.26 1.799 0.034 0.274 0.718 0.416
7.26 − 7.3525 1.967 0.038 0.285 0.656 0.448
7.3525 − 7.445 2.060 0.064 0.326 0.757 0.517
7.445 − 7.5375 2.200 0.064 0.338 0.606 0.547
7.5375 − 7.63 2.359 0.082 0.393 0.760 0.639
7.63 − 7.7225 2.482 0.131 0.435 0.828 0.718
7.7225 − 7.815 2.492 0.155 0.374 0.787 0.637
7.815 − 7.9075 2.502 0.148 0.366 0.639 0.619
7.9075 − 8.0 2.549 0.174 0.360 0.741 0.613