# Table 2 from 10.1088/1475-7516/2024/05/125

6.15 − 6.2425 5.738 0.012 0.931 1.384 1.073 ×10−13
6.2425 − 6.335 3.594 0.009 0.549 0.734 0.869 ×10−13
6.335 − 6.4275 2.189 0.006 0.342 0.555 0.404 ×10−13
6.4275 − 6.52 1.188 0.004 0.185 0.369 0.185 ×10−13
6.52 − 6.6125 6.073 0.029 0.929 1.476 1.287 ×10−14
6.6125 − 6.705 3.459 0.019 0.535 1.239 0.535 ×10−14
6.705 − 6.7975 1.855 0.013 0.286 0.550 0.307 ×10−14
6.7975 − 6.89 9.678 0.085 1.510 2.922 1.510 ×10−15
6.89 − 6.9825 5.267 0.057 0.834 1.512 0.834 ×10−15
6.9825 − 7.075 2.787 0.039 0.459 0.972 0.459 ×10−15
7.075 − 7.1675 1.238 0.024 0.209 0.397 0.209 ×10−15
7.1675 − 7.26 6.576 0.152 1.132 2.186 1.145 ×10−16
7.26 − 7.3525 3.929 0.101 0.684 1.275 1.175 ×10−16
7.3525 − 7.445 2.296 0.068 0.409 0.913 0.409 ×10−16
7.445 − 7.5375 1.096 0.041 0.201 0.491 0.230 ×10−16
7.5375 − 7.63 4.602 0.265 0.978 0.978 1.300 ×10−17
7.63 − 7.7225 2.818 0.199 0.628 1.016 1.337 ×10−17
7.7225 − 7.815 1.762 0.129 0.371 0.960 0.371 ×10−17
7.815 − 7.9075 9.231 0.891 1.991 2.557 1.991 ×10−18
7.9075 − 8.0 4.788 0.475 1.001 3.306 1.001 ×10−18