#log10(E/GeV) | QGSJETII-04 flux   stat.   syst. (GeV⁻¹ m⁻² s⁻¹ sr⁻¹) | EPOS-LHC flux   stat.   syst. (GeV⁻¹ m⁻² s⁻¹ sr⁻¹) | SIBYLL-2.3d flux   stat.   syst. (GeV⁻¹ m⁻² s⁻¹ sr⁻¹)
5.5 5.6   5.3527e-11   0.0011e-11   0.1795e-11   5.1413e-11   0.0011e-11   0.1724e-11   5.1952e-11   0.0011e-11   0.1743e-11
5.6 5.7   2.8462e-11   0.0007e-11   0.0955e-11   2.7351e-11   0.0007e-11   0.0917e-11   2.7665e-11   0.0007e-11   0.0928e-11
5.7 5.8   1.5163e-11   0.0005e-11   0.0509e-11   1.4567e-11   0.0005e-11   0.0489e-11   1.4754e-11   0.0005e-11   0.0495e-11
5.8 5.9   8.0536e-12   0.0031e-12   0.2701e-12   7.7363e-12   0.0030e-12   0.2595e-12   7.8437e-12   0.0030e-12   0.2631e-12
5.9 6.0   4.2741e-12   0.0020e-12   0.1434e-12   4.1049e-12   0.0020e-12   0.1377e-12   4.1687e-12   0.0020e-12   0.1398e-12
6.0 6.1   2.2710e-12   0.0013e-12   0.0762e-12   2.1816e-12   0.0013e-12   0.0732e-12   2.2175e-12   0.0013e-12   0.0744e-12
6.1 6.2   1.2071e-12   0.0008e-12   0.0405e-12   1.1597e-12   0.0008e-12   0.0390e-12   1.1804e-12   0.0008e-12   0.0396e-12
6.2 6.3   6.4186e-13   0.0055e-13   0.2153e-13   6.1620e-13   0.0054e-13   0.2067e-13   6.2818e-13   0.0054e-13   0.2107e-13
6.3 6.4   3.3875e-13   0.0035e-13   0.1136e-13   3.2514e-13   0.0035e-13   0.1091e-13   3.3186e-13   0.0035e-13   0.1113e-13
6.4 6.5   1.7715e-13   0.0023e-13   0.0594e-13   1.6972e-13   0.0022e-13   0.0569e-13   1.7366e-13   0.0023e-13   0.0582e-13
6.5 6.6   9.1282e-14   0.0146e-14   0.3062e-14   8.7356e-14   0.0143e-14   0.2930e-14   8.9576e-14   0.0145e-14   0.3004e-14
6.6 6.7   4.6234e-14   0.0092e-14   0.1551e-14   4.4207e-14   0.0091e-14   0.1483e-14   4.5391e-14   0.0092e-14   0.1522e-14
6.7 6.8   2.3071e-14   0.0058e-14   0.0774e-14   2.2003e-14   0.0057e-14   0.0738e-14   2.2680e-14   0.0058e-14   0.0761e-14
6.8 6.9   1.1314e-14   0.0036e-14   0.0379e-14   1.0760e-14   0.0036e-14   0.0361e-14   1.1123e-14   0.0036e-14   0.0373e-14
6.9 7.0   5.4259e-15   0.0225e-15   0.1820e-15   5.1382e-15   0.0219e-15   0.1723e-15   5.3367e-15   0.0223e-15   0.1790e-15
7.0 7.1   2.6484e-15   0.0140e-15   0.0888e-15   2.5301e-15   0.0137e-15   0.0849e-15   2.6140e-15   0.0139e-15   0.0877e-15
7.1 7.2   1.2835e-15   0.0087e-15   0.0430e-15   1.2240e-15   0.0085e-15   0.0411e-15   1.2697e-15   0.0087e-15   0.0426e-15
7.2 7.3   6.3841e-16   0.0547e-16   0.2141e-16   6.0622e-16   0.0533e-16   0.2033e-16   6.3133e-16   0.0544e-16   0.2118e-16
7.3 7.4   3.1220e-16   0.0341e-16   0.1047e-16   3.0000e-16   0.0334e-16   0.1006e-16   3.0989e-16   0.0340e-16   0.1039e-16
7.4 7.5   1.5795e-16   0.0216e-16   0.0530e-16   1.5112e-16   0.0211e-16   0.0507e-16   1.5692e-16   0.0215e-16   0.0526e-16