#log10(E/GeV) | QGSJETII 04 hln(A)i   stat.   syst. | EPOS LHC hln(A)i   stat.   syst. | SIBYLL 2.3d hln(A)i   stat.   syst.
5.5 5.6   1.6246   0.0004   0.0819         1.7562   0.0005   0.0915       1.8221   0.0005   0.0950
5.6 5.7   1.6170   0.0005   0.0815         1.7224   0.0006   0.0915       1.7930   0.0006   0.0953
5.7 5.8   1.5907   0.0006   0.0802         1.6697   0.0007   0.0909       1.7450   0.0007   0.0951
5.8 5.9   1.5563   0.0008   0.0785         1.6083   0.0008   0.0903       1.6875   0.0008   0.0947
5.9 6.0   1.5250   0.0009   0.0771         1.5507   0.0010   0.0903       1.6325   0.0010   0.0950
6.0 6.1   1.4905   0.0011   0.0756         1.4881   0.0012   0.0905       1.5734   0.0012   0.0955
6.1 6.2   1.4579   0.0013   0.0742         1.4276   0.0015   0.0913       1.5155   0.0014   0.0965
6.2 6.3   1.4246   0.0016   0.0729         1.3674   0.0018   0.0925       1.4551   0.0017   0.0979
6.3 6.4   1.4010   0.0020   0.0722         1.3155   0.0022   0.0946       1.4040   0.0021   0.1001
6.4 6.5   1.3901   0.0024   0.0722         1.2803   0.0027   0.0978       1.3654   0.0026   0.1034
6.5 6.6   1.3867   0.0030   0.0729         1.2511   0.0033   0.1016       1.3346   0.0032   0.1073
6.6 6.7   1.4154   0.0037   0.0753         1.2605   0.0041   0.1072       1.3356   0.0040   0.1130
6.7 6.8   1.4608   0.0046   0.0788         1.2866   0.0051   0.1138       1.3545   0.0050   0.1196
6.8 6.9   1.5386   0.0057   0.0841         1.3512   0.0064   0.1222       1.4058   0.0062   0.1279
6.9 7.0   1.6279   0.0073   0.0903         1.4172   0.0083   0.1309       1.4670   0.0080   0.1369
7.0 7.1   1.7683   0.0092   0.0994         1.5483   0.0104   0.1427       1.5816   0.0101   0.1487
7.1 7.2   1.9414   0.0118   0.1105         1.7135   0.0132   0.1565       1.7412   0.0129   0.1628
7.2 7.3   2.1233   0.0147   0.1226         1.8675   0.0165   0.1706       1.8992   0.0162   0.1775
7.3 7.4   2.3612   0.0184   0.1383         2.1163   0.0203   0.1901       2.1185   0.0204   0.1967
7.4 7.5   2.5605   0.0225   0.1530         2.2997   0.0251   0.2075       2.3011   0.0251   0.2148