tunka 3.54813e+15 1.89653 0.0787465
tunka 4.46684e+15 1.98642 0.0891878
tunka 5.62341e+15 1.98868 0.00901955
tunka 7.07946e+15 2.04937 0.0108817
tunka 8.70964e+15 2.12105 0.0135304
tunka 1.12202e+16 2.21207 0.0172897
tunka 1.41254e+16 2.36953 0.0215077
tunka 1.77828e+16 2.54722 0.0267102
tunka 2.18776e+16 2.68906 0.189674
tunka 2.81838e+16 2.86976 0.0253511
tunka 3.54813e+16 2.8781 0.0503287
tunka 4.46684e+16 2.94318 0.0668863
tunka 5.49541e+16 2.94865 0.0779539
tunka 7.07946e+16 3.00163 0.0999015
tunka 8.91251e+16 3.10112 0.124198
tunka 1.12202e+17 3.02156 0.154622
tunka 1.41254e+17 2.97623 0.216623
tunka 1.7378e+17 2.97758 0.349259
tunka 2.18776e+17 2.78466 0.274309
tunka 2.69153e+17 2.6015 0.576497
yakutskSmall 1.2e+15 1.00843 0.476103
yakutskSmall 1.8e+15 1.20135 0.385747
yakutskSmall 2.6e+15 1.10072 0.325084
yakutskSmall 3.6e+15 1.31674 0.229775
yakutskSmall 5e+15 1.24044 0.231981
yakutskSmall 7.2e+15 1.66554 0.200903
yakutskSmall 1.1e+16 1.92024 0.203248
yakutskSmall 1.78e+16 2.92287 0.171529
yakutskSmall 2.6e+16 2.38289 0.173175
yakutskSmall 4.2e+16 2.52856 0.210223
yakutskSmall 6.3e+16 2.59667 0.247547
yakutskSmall 1.15e+17 3.22656 0.214944
yakutskSmall 5.5e+16 2.10339 0.246791
yakutskSmall 8.3e+16 2.17246 0.284628
yakutskSmall 1e+17 2.29358 0.250039
yakutskSmall 1.3e+17 2.13495 0.215483
yakutskSmall 1.8e+17 2.76151 0.180729
yakutskSmall 2.3e+17 2.58288 0.18157
yakutskSmall 2.8e+17 2.27832 0.182223
yakutskBig 1.5e+17 2.35503 0.180085
yakutskBig 2e+17 2.07506 0.181094
yakutskBig 3e+17 2.24054 0.218938
yakutskBig 4.5e+17 2.11178 0.220464
yakutskBig 5.8e+17 1.74814 0.25826
yakutskBig 8.6e+17 2.22967 0.259798
yakutskBig 1.2e+18 2.01689 0.261003
yakutskBig 1.7e+18 1.66627 0.262167
yakutskBig 2.4e+18 1.87137 0.300823
yakutskBig 3.5e+18 1.6944 0.302006
yakutskBig 5e+18 1.0384 0.340869
yakutskBig 8e+18 1.67 0.418134
yakutskBig 1.1e+19 1.04304 0.495161
yakutskBig 1.6e+19 1.65232 0.686933
yakutskBig 2.4e+19 2.13984 0.80265
yakutskBig 3.5e+19 2.25316 0.994656
yakutskBig 5.1e+19 1.75103 0.956781
casaBlanca 2.23872e+14 1.66057 0.00900535
casaBlanca 2.81838e+14 1.54322 0.00907712
casaBlanca 3.54813e+14 1.45388 0.0121982
casaBlanca 4.46684e+14 1.39327 0.0122933
casaBlanca 5.62341e+14 1.33111 0.0154849
casaBlanca 7.07946e+14 1.32982 0.0187232
casaBlanca 8.91251e+14 1.3279 0.0251517
casaBlanca 1.12202e+15 1.16698 0.0316725
casaBlanca 1.41254e+15 1.09882 0.0319038
casaBlanca 1.77828e+15 0.996959 0.0321335
casaBlanca 2.23872e+15 0.795985 0.0647228
casaBlanca 2.81838e+15 0.689399 0.0651745
casaBlanca 3.54813e+15 0.64643 0.0984331
casaBlanca 4.46684e+15 0.767518 0.13213
casaBlanca 5.62341e+15 0.92294 0.133006
casaBlanca 7.07946e+15 1.11331 0.16734
casaBlanca 8.91251e+15 1.03608 0.202091
casaBlanca 1.12202e+16 1.87237 0.271141
casaBlanca 1.41254e+16 1.7976 0.341004
casaBlanca 1.77828e+16 2.13285 0.41166
casaBlanca 2.23872e+16 1.91919 0.379568
casaBlanca 2.81838e+16 1.7717 0.659371
casaBlanca 3.54813e+16 3.05259 1.08183
augerXmax 1.38357e+17 1.92497 0.224384
augerXmax 1.79061e+17 1.47371 0.173121
augerXmax 2.25944e+17 1.32424 0.127783
augerXmax 2.81838e+17 1.37972 0.116637
augerXmax 3.55631e+17 1.23598 0.0849082
augerXmax 4.44631e+17 1.24889 0.085229
augerXmax 5.62341e+17 1.10154 0.0973537
augerXmax 7.07946e+17 1.11018 0.0440391
augerXmax 8.89201e+17 1.00743 0.0482713
augerXmax 1.11686e+18 0.976007 0.0517777
augerXmax 1.40605e+18 0.785812 0.0672544
augerXmax 1.76604e+18 0.763146 0.073066
augerXmax 2.22844e+18 0.855656 0.0751434
augerXmax 2.79898e+18 0.930128 0.079097
augerXmax 3.53183e+18 1.08076 0.083059
augerXmax 4.42588e+18 1.2508 0.102151
augerXmax 5.5847e+18 1.4393 0.106146
augerXmax 7.06318e+18 1.444 0.110137
augerXmax 8.85116e+18 1.63636 0.121722
augerXmax 1.11686e+19 1.8051 0.125706
augerXmax 1.39316e+19 2.00751 0.137296
augerXmax 1.76604e+19 1.77163 0.194714
augerXmax 2.18776e+19 2.2333 0.19105
augerXmax 2.79898e+19 1.91684 0.367083
augerXmax 4.16869e+19 2.62801 0.191327
hiresMIA 8.31764e+16 2.49487 0.249061
hiresMIA 1.20226e+17 2.44874 0.21514
hiresMIA 1.8197e+17 1.79676 0.180767
hiresMIA 2.63027e+17 1.81299 0.218421
hiresMIA 4.0738e+17 2.04544 0.293465
hiresMIA 5.88844e+17 1.17329 0.369031
hiresMIA 9.12011e+17 1.06486 0.742905
hiresMIA 1.34896e+18 1.54053 0.858903
hires 1.99526e+18 0.945728 0.167614
hires 3.16228e+18 0.921476 0.141878
hires 5.01187e+18 0.493529 0.214285
hires 7.94328e+18 1.13051 0.233648
hires 1.25893e+19 1.25937 0.270431
hires 1.99526e+19 1.54954 0.305786
hires 3.16228e+19 1.8974 0.590199
hires 5.01187e+19 1.6755 0.602542
telArray 1.99526e+18 0.167258 0.593931
telArray 3.16228e+18 0.802632 0.405035
telArray 5.01187e+18 1.20933 0.321161
telArray 7.94328e+18 1.03146 0.311552
telArray 1.25893e+19 1.78326 0.430943
telArray 1.99526e+19 1.85649 0.431861
telArray 3.16228e+19 1.88386 0.799988
telArray 5.01187e+19 1.77061 1.52519
