# E [GeV] - dJdE [m-2 s-1 sr-1 GeV-1] - stat. errors (QGSJET+PD)
1.12e5 7.454e-10 0.002e-10  
1.41e5 4.013e-10 0.001e-10  
1.78e5 2.155e-10 0.001e-10  
2.24e5 1.177e-10 0.001e-10  
2.82e5 6.437e-11 0.004e-11  
3.55e5 3.522e-11 0.002e-11  
4.47e5 1.919e-11 0.002e-11  
5.62e5 1.045e-11 0.001e-11  
7.08e5 5.678e-12 0.007e-12  
8.91e5 3.071e-12 0.005e-12  
1.12e6 1.671e-12 0.003e-12  
1.41e6 9.168e-13 0.020e-13  
1.78e6 4.993e-13 0.013e-13  
2.24e6 2.705e-13 0.009e-13  
2.82e6 1.470e-13 0.006e-13 
3.55e6 7.683e-14 0.036e-14  
4.47e6 3.902e-14 0.023e-14  
5.62e6 1.965e-14 0.014e-14  
7.08e6 9.510e-15 0.090e-15  
8.91e6 4.529e-15 0.055e-15  
1.12e7 2.202e-15 0.034e-15  
1.41e7 1.103e-15 0.022e-15  
1.78e7 5.818e-16 0.140e-16  
2.24e7 2.743e-16 0.086e-16 
2.82e7 1.454e-16 0.056e-16  
3.55e7 7.048e-17 0.345e-17  
4.47e7 3.120e-17 0.204e-17  
5.62e7 2.013e-17 0.146e-17  
7.08e7 8.343e-18 0.840e-18  
8.91e7 4.654e-18 0.559e-18  
1.12e8 2.585e-18 0.371e-18  
1.41e8 1.286e-18 0.233e-18  
1.78e8 5.647e-19 1.379e-19  
