#Source: mytables
#Ref: unpublished (2025arXiv250514447T)
#Experiment: LHAASO (QGSJET-II-04)
#Y Quantity: He
#X Quantity: totalEnergy
#Url: 
#Comments: 
#Colums: x, y, y statistical errors, y systematic errors
1.778e+05 1.120e-10 2.000e-13 2.000e-13 1.000e-11 1.000e-11 
2.239e+05 6.128e-11 1.300e-13 1.300e-13 5.240e-12 5.240e-12 
2.818e+05 3.226e-11 9.000e-14 9.000e-14 2.970e-12 2.970e-12 
3.548e+05 1.700e-11 6.000e-14 6.000e-14 1.660e-12 1.660e-12 
4.467e+05 8.827e-12 3.700e-14 3.700e-14 8.830e-13 8.830e-13 
5.623e+05 4.500e-12 2.400e-14 2.400e-14 4.850e-13 4.850e-13 
7.079e+05 2.270e-12 1.600e-14 1.600e-14 2.590e-13 2.590e-13 
8.913e+05 1.178e-12 1.000e-14 1.000e-14 1.320e-13 1.320e-13 
1.122e+06 6.053e-13 7.000e-15 7.000e-15 6.450e-14 6.450e-14 
1.413e+06 3.299e-13 4.700e-15 4.700e-15 3.010e-14 3.010e-14 
1.778e+06 1.795e-13 3.100e-15 3.100e-15 1.380e-14 1.380e-14 
2.239e+06 9.458e-14 2.010e-15 2.010e-15 6.340e-15 6.340e-15 
2.818e+06 5.006e-14 1.300e-15 1.300e-15 3.020e-15 3.020e-15 
3.548e+06 2.660e-14 8.300e-16 8.300e-16 1.440e-15 1.440e-15 
4.467e+06 1.474e-14 5.300e-16 5.300e-16 7.200e-16 7.200e-16 
5.623e+06 7.780e-15 3.260e-16 3.260e-16 3.570e-16 3.570e-16 
7.079e+06 3.581e-15 1.920e-16 1.920e-16 1.570e-16 1.570e-16 
8.913e+06 1.700e-15 1.150e-16 1.150e-16 6.900e-17 6.900e-17 
1.122e+07 7.052e-16 6.700e-17 6.700e-17 3.980e-17 3.980e-17 
