#Source: mytables
#Ref: unpublished (2025arXiv250514447T)
#Experiment: LHAASO (SIBYLL-2.3d)
#Y Quantity: He
#X Quantity: totalEnergy
#Url: 
#Comments: 
#Colums: x, y, y statistical errors, y systematic errors
1.778e+05 1.057e-10 2.000e-13 2.000e-13 9.600e-12 9.600e-12 
2.239e+05 5.741e-11 1.200e-13 1.200e-13 5.120e-12 5.120e-12 
2.818e+05 3.046e-11 8.000e-14 8.000e-14 3.090e-12 3.090e-12 
3.548e+05 1.597e-11 5.000e-14 5.000e-14 1.710e-12 1.710e-12 
4.467e+05 8.384e-12 3.500e-14 3.500e-14 9.340e-13 9.340e-13 
5.623e+05 4.230e-12 2.300e-14 2.300e-14 5.110e-13 5.110e-13 
7.079e+05 2.194e-12 1.500e-14 1.500e-14 2.800e-13 2.800e-13 
8.913e+05 1.138e-12 1.000e-14 1.000e-14 1.460e-13 1.460e-13 
1.122e+06 5.855e-13 6.700e-15 6.700e-15 7.430e-14 7.430e-14 
1.413e+06 3.170e-13 4.500e-15 4.500e-15 3.590e-14 3.590e-14 
1.778e+06 1.739e-13 3.000e-15 3.000e-15 1.730e-14 1.730e-14 
2.239e+06 9.506e-14 1.960e-15 1.960e-15 8.240e-15 8.240e-15 
2.818e+06 5.137e-14 1.280e-15 1.280e-15 4.160e-15 4.160e-15 
3.548e+06 2.784e-14 8.200e-16 8.200e-16 1.820e-15 1.820e-15 
4.467e+06 1.574e-14 5.200e-16 5.200e-16 8.600e-16 8.600e-16 
5.623e+06 8.525e-15 3.230e-16 3.230e-16 4.370e-16 4.370e-16 
7.079e+06 3.887e-15 1.900e-16 1.900e-16 2.050e-16 2.050e-16 
8.913e+06 1.806e-15 1.150e-16 1.150e-16 8.800e-17 8.800e-17 
1.122e+07 7.342e-16 6.600e-17 6.600e-17 4.250e-17 4.250e-17 
