#Source: mytables
#Ref: unpublished (2025arXiv250514447T)
#Experiment: LHAASO (QGSJET-II-04)
#Y Quantity: H
#X Quantity: totalEnergy
#Url: 
#Comments: 
#Colums: x, y, y statistical errors, y systematic errors
1.778e+05 8.870e-11 1.000e-13 1.000e-13 3.300e-12 3.300e-12 
2.239e+05 4.614e-11 7.000e-14 7.000e-14 2.040e-12 2.040e-12 
2.818e+05 2.435e-11 5.000e-14 5.000e-14 1.100e-12 1.100e-12 
3.548e+05 1.303e-11 3.000e-14 3.000e-14 6.000e-13 6.000e-13 
4.467e+05 7.175e-12 2.000e-14 2.000e-14 3.260e-13 3.260e-13 
5.623e+05 3.945e-12 1.400e-14 1.400e-14 1.730e-13 1.730e-13 
7.079e+05 2.184e-12 9.000e-15 9.000e-15 9.200e-14 9.200e-14 
8.913e+05 1.201e-12 6.000e-15 6.000e-15 4.800e-14 4.800e-14 
1.122e+06 6.808e-13 4.200e-15 4.200e-15 2.620e-14 2.620e-14 
1.413e+06 3.722e-13 2.800e-15 2.800e-15 1.380e-14 1.380e-14 
1.778e+06 2.011e-13 1.800e-15 1.800e-15 7.100e-15 7.100e-15 
2.239e+06 1.081e-13 1.210e-15 1.210e-15 3.680e-15 3.680e-15 
2.818e+06 5.657e-14 7.800e-16 7.800e-16 1.880e-15 1.880e-15 
3.548e+06 2.843e-14 4.900e-16 4.900e-16 9.400e-16 9.400e-16 
4.467e+06 1.378e-14 3.100e-16 3.100e-16 4.500e-16 4.500e-16 
5.623e+06 6.382e-15 1.840e-16 1.840e-16 2.130e-16 2.130e-16 
7.079e+06 2.758e-15 1.080e-16 1.080e-16 9.300e-17 9.300e-17 
8.913e+06 1.247e-15 6.400e-17 6.400e-17 4.600e-17 4.600e-17 
1.122e+07 5.524e-16 3.780e-17 3.780e-17 1.960e-17 1.960e-17 
