#Source: mytables
#Ref: unpublished (2025arXiv250514447T)
#Experiment: LHAASO (SIBYLL-2.3d)
#Y Quantity: H
#X Quantity: totalEnergy
#Url: 
#Comments: 
#Colums: x, y, y statistical errors, y systematic errors
1.778e+05 7.760e-11 1.000e-13 1.000e-13 2.900e-12 2.900e-12 
2.239e+05 4.032e-11 6.000e-14 6.000e-14 1.790e-12 1.790e-12 
2.818e+05 2.133e-11 4.000e-14 4.000e-14 9.600e-13 9.600e-13 
3.548e+05 1.153e-11 3.000e-14 3.000e-14 5.300e-13 5.300e-13 
4.467e+05 6.454e-12 1.900e-14 1.900e-14 2.930e-13 2.930e-13 
5.623e+05 3.609e-12 1.300e-14 1.300e-14 1.580e-13 1.580e-13 
7.079e+05 2.009e-12 9.000e-15 9.000e-15 8.400e-14 8.400e-14 
8.913e+05 1.120e-12 6.000e-15 6.000e-15 4.500e-14 4.500e-14 
1.122e+06 6.364e-13 4.000e-15 4.000e-15 2.450e-14 2.450e-14 
1.413e+06 3.526e-13 2.700e-15 2.700e-15 1.300e-14 1.300e-14 
1.778e+06 1.914e-13 1.800e-15 1.800e-15 6.800e-15 6.800e-15 
2.239e+06 1.043e-13 1.170e-15 1.170e-15 3.550e-15 3.550e-15 
2.818e+06 5.491e-14 7.600e-16 7.600e-16 1.830e-15 1.830e-15 
3.548e+06 2.770e-14 4.800e-16 4.800e-16 9.100e-16 9.100e-16 
4.467e+06 1.315e-14 2.900e-16 2.900e-16 4.300e-16 4.300e-16 
5.623e+06 6.063e-15 1.720e-16 1.720e-16 2.020e-16 2.020e-16 
7.079e+06 2.621e-15 1.000e-16 1.000e-16 8.800e-17 8.800e-17 
8.913e+06 1.221e-15 6.100e-17 6.100e-17 4.500e-17 4.500e-17 
1.122e+07 5.469e-16 3.640e-17 3.640e-17 1.940e-17 1.940e-17 
