#Source: mytables
#Ref: unpublished (2025arXiv250514447T)
#Experiment: LHAASO (EPOS-LHC)
#Y Quantity: He
#X Quantity: totalEnergy
#Url: 
#Comments: 
#Colums: x, y, y statistical errors, y systematic errors
1.778e+05 1.062e-10 2.000e-13 2.000e-13 1.020e-11 1.020e-11 
2.239e+05 5.719e-11 1.200e-13 1.200e-13 5.370e-12 5.370e-12 
2.818e+05 2.989e-11 8.000e-14 8.000e-14 3.140e-12 3.140e-12 
3.548e+05 1.529e-11 5.000e-14 5.000e-14 1.760e-12 1.760e-12 
4.467e+05 7.895e-12 3.400e-14 3.400e-14 9.500e-13 9.500e-13 
5.623e+05 3.985e-12 2.300e-14 2.300e-14 5.450e-13 5.450e-13 
7.079e+05 2.056e-12 1.500e-14 1.500e-14 3.010e-13 3.010e-13 
8.913e+05 1.048e-12 1.000e-14 1.000e-14 1.600e-13 1.600e-13 
1.122e+06 5.446e-13 6.800e-15 6.800e-15 8.190e-14 8.190e-14 
1.413e+06 2.942e-13 4.500e-15 4.500e-15 3.880e-14 3.880e-14 
1.778e+06 1.601e-13 3.000e-15 3.000e-15 1.760e-14 1.760e-14 
2.239e+06 8.659e-14 2.000e-15 2.000e-15 7.810e-15 7.810e-15 
2.818e+06 4.474e-14 1.310e-15 1.310e-15 3.700e-15 3.700e-15 
3.548e+06 2.383e-14 8.400e-16 8.400e-16 1.790e-15 1.790e-15 
4.467e+06 1.384e-14 5.300e-16 5.300e-16 8.800e-16 8.800e-16 
5.623e+06 7.348e-15 3.250e-16 3.250e-16 4.320e-16 4.320e-16 
7.079e+06 3.840e-15 1.970e-16 1.970e-16 2.220e-16 2.220e-16 
8.913e+06 1.532e-15 1.140e-16 1.140e-16 9.400e-17 9.400e-17 
1.122e+07 6.626e-16 6.660e-17 6.660e-17 3.770e-17 3.770e-17 
