#Source: mytables
#Ref: unpublished (2025arXiv250514447T)
#Experiment: LHAASO (EPOS-LHC)
#Y Quantity: H
#X Quantity: totalEnergy
#Url: 
#Comments: 
#Colums: x, y, y statistical errors, y systematic errors
1.778e+05 8.110e-11 1.000e-13 1.000e-13 3.000e-12 3.000e-12 
2.239e+05 4.239e-11 7.000e-14 7.000e-14 1.880e-12 1.880e-12 
2.818e+05 2.247e-11 4.000e-14 4.000e-14 1.010e-12 1.010e-12 
3.548e+05 1.215e-11 3.000e-14 3.000e-14 5.600e-13 5.600e-13 
4.467e+05 6.776e-12 1.900e-14 1.900e-14 3.080e-13 3.080e-13 
5.623e+05 3.807e-12 1.300e-14 1.300e-14 1.670e-13 1.670e-13 
7.079e+05 2.135e-12 9.000e-15 9.000e-15 9.000e-14 9.000e-14 
8.913e+05 1.194e-12 6.000e-15 6.000e-15 4.800e-14 4.800e-14 
1.122e+06 6.819e-13 4.100e-15 4.100e-15 2.630e-14 2.630e-14 
1.413e+06 3.756e-13 2.700e-15 2.700e-15 1.390e-14 1.390e-14 
1.778e+06 2.069e-13 1.800e-15 1.800e-15 7.300e-15 7.300e-15 
2.239e+06 1.132e-13 1.210e-15 1.210e-15 3.860e-15 3.860e-15 
2.818e+06 6.100e-14 8.000e-16 8.000e-16 2.030e-15 2.030e-15 
3.548e+06 3.100e-14 5.100e-16 5.100e-16 1.020e-15 1.020e-15 
4.467e+06 1.464e-14 3.100e-16 3.100e-16 4.800e-16 4.800e-16 
5.623e+06 6.832e-15 1.840e-16 1.840e-16 2.280e-16 2.280e-16 
7.079e+06 2.972e-15 1.070e-16 1.070e-16 1.000e-16 1.000e-16 
8.913e+06 1.360e-15 6.500e-17 6.500e-17 5.100e-17 5.100e-17 
1.122e+07 6.065e-16 3.840e-17 3.840e-17 2.150e-17 2.150e-17 
